4686842 0 106 734 1647267382.7310998 /tmp/C11.json
4686843 0 106 723 1647267382.904723 /tmp/C12.json
4686844 0 106 740 1647267382.926227 /tmp/C13.json
4686845 0 106 729 1647267382.9427419 /tmp/C14.json
4686846 0 106 710 1647267382.9599931 /tmp/C15.json
4686847 0 106 704 1647267382.9777 /tmp/C16.json
4686848 0 106 724 1647267382.987177 /tmp/C17.json
4686849 0 106 718 1647267383.010339 /tmp/C18.json
4686850 0 106 730 1647267383.026889 /tmp/C19.json
4686851 0 106 717 1647267383.0340898 /tmp/C110.json
4686852 0 106 734 1647267383.039063 /tmp/C111.json
4686853 0 106 716 1647267383.052347 /tmp/C112.json
4686854 0 106 718 1647267383.063188 /tmp/C113.json
4686855 0 106 731 1647267383.071809 /tmp/C114.json
4686856 0 106 710 1647267383.0784621 /tmp/C115.json
4686857 0 106 731 1647267383.088285 /tmp/C116.json
4686858 0 106 731 1647267383.09522 /tmp/C117.json
4686859 0 106 719 1647267383.102581 /tmp/C118.json
4815583 0 106 742 1647279887.358781
4815584 0 106 728 1647279887.373441
4815585 0 106 730 1647279887.380826
4815586 0 106 730 1647279887.385299
4815588 0 106 722 1647279887.390247
4815589 0 106 714 1647279887.394098
4815590 0 106 728 1647279887.404478
4815591 0 106 726 1647279887.4173641
4815592 0 106 734 1647279887.4216821
4815593 0 106 716 1647279887.425427
4815594 0 106 728 1647279887.429453
4815595 0 106 744 1647279887.433015
4815596 0 106 710 1647279887.437123
4815597 0 106 718 1647279887.4406931
4815598 0 106 725 1647279887.444455
4815599 0 106 735 1647279887.448161
4815600 0 106 719 1647279887.4524648
4815601 0 106 742 1647279887.456958
4815602 0 106 719 1647279887.462714
4815603 0 106 740 1647279887.46703
4815604 0 106 727 1647279887.470756
4815605 0 106 730 1647279887.474474
4815606 0 106 720 1647279887.4780588
4815607 0 106 734 1647279887.4859118
4815608 0 106 708 1647279887.490598
4815609 0 106 742 1647279887.500835
4815610 0 106 730 1647279887.510231
4815611 0 106 746 1647279887.516679
4815612 0 106 708 1647279887.532622
4815613 0 106 737 1647279887.537119
4815614 0 106 732 1647279887.5445888
4815615 0 106 747 1647279887.549143
4815616 0 106 733 1647279887.553897
4815617 0 106 736 1647279887.564108
4815618 0 106 735 1647279887.573415
4815619 0 106 734 1647279887.578764
4815620 0 106 726 1647279887.5842762
4815621 0 106 720 1647279887.591885
4815622 0 106 732 1647279887.5981371
4815623 0 106 732 1647279887.605031
4815624 0 106 713 1647279887.608648
4815625 0 106 732 1647279887.61289
4815626 0 106 725 1647279887.617232
4815627 0 106 744 1647279887.621625
4815628 0 106 727 1647279887.625386
4815629 0 106 716 1647279887.629739
4815630 0 106 739 1647279887.6332798
4815631 0 106 724 1647279887.637236
4815632 0 106 751 1647279887.6408422
4815633 0 106 731 1647279887.657892
4815634 0 106 740 1647279887.6657948
4815635 0 106 723 1647279887.671055
4815636 0 106 719 1647279887.675927
4815637 0 106 724 1647279887.682816
4815638 0 106 729 1647279887.68744
4815639 0 106 730 1647279887.692467
4815640 0 106 741 1647279887.698511
4815641 0 106 712 1647279887.704637
4815642 0 106 719 1647279887.709911
4815643 0 106 732 1647279887.715081
4815644 0 106 718 1647279887.720048
4815645 0 106 726 1647279887.725216
4815646 0 106 721 1647279887.730534
4815647 0 106 720 1647279887.736218
4815648 0 106 723 1647279887.7412288
4815649 0 106 733 1647279887.746469
4815650 0 106 718 1647279887.750921
4815651 0 106 725 1647279887.754823
4815652 0 106 726 1647279887.760695
4815653 0 106 715 1647279887.765933
4815654 0 106 724 1647279887.771194
4815655 0 106 718 1647279887.777169
4815656 0 106 742 1647279887.782851
4815657 0 106 745 1647279887.787847
4815658 0 106 715 1647279887.793004
4815659 0 106 743 1647279887.7979538
4815660 0 106 713 1647279887.802269
4815661 0 106 717 1647279887.806378
4815662 0 106 718 1647279887.8103878
4815663 0 106 743 1647279887.815233
4815664 0 106 721 1647279887.820348
4815665 0 106 724 1647279887.8251472
4815666 0 106 726 1647279887.82898
4815667 0 106 723 1647279887.832975
4815668 0 106 736 1647279887.837313
4815669 0 106 758 1647279887.8410962
4815670 0 106 709 1647279887.844921
4815671 0 106 728 1647279887.848782
4815672 0 106 742 1647279887.852126
4815673 0 106 723 1647279887.855768
4815674 0 106 731 1647279887.859657
4815675 0 106 708 1647279887.863889
4815676 0 106 712 1647279887.8675141
4815677 0 106 742 1647279887.871304
4815678 0 106 736 1647279887.87503
4815679 0 106 726 1647279887.878947
4815680 0 106 714 1647279887.8832428
4815681 0 106 744 1647279887.887233
4815682 0 106 726 1647279887.892284
4815683 0 106 731 1647279887.895924
